weight of plastic 3.03±0.05:
{white,brown,black} × {n,weit}
8 10.09, 18 15.30, 16 14.41
9 --.--, 16 13.12, 16 --.--
11 8.22, 18 14.46, 17 14.93
13 9.25, 19 15.87, 16 13.58
8 4.70 ,20 13.22, 13 10.52
9 5.64 ,14 9.93, 20 12.67
7 -.-- ,19 -.--, 17 --.--
5 3.31, 21 13.27 , 16 11.4
11 11.04 , 25 18.09 , 16 12.95
from here is with plastic
5 6.15, 21 17.31, 16 15.45
7 8.31, 19 17.51 , 12 10.72
15 10.28, 21 15.79, 14 12.59
15 10.74, 10 9.48, 16 15.83
5 6.95, 17 17.36, 11 11.91
8 10.06, 14 13.68, 14 14.10
4 6.40, 21 18.24, 12 13.42
9 12.40, 9 10.63 ,10 11.30
11 11.04, 14 13.24, 17 14.23
10 11.60, 15 15.13 , 13 13.80
9 9.31, 24 16.67, 23 17.49
7 7.82, 19 16.70, 16 14.50
9 9.18, 23 18.34, 16 14.27
10 9.54, 17 12.59, 19 17.05
12 10.03, 26 18.00, 13 12.36
7 7.89, 15 14.62, 22 18.90
11 11.11, 20 16.24, 13 12.69
9 9.79, 9 10.54, 17 15.00
4 6.00, 29 19, 22 16
18 15.30, 12 10.62, 18 14.76
11 10.86, 15 15.73, 8 10.73
6 8.63, 12 12.54, 8 11.44
7 8.27, 10 11.56, 14 16.98
17 14.25, 16 14.55, 14 13.01
9 8.98, 16 13.58, 20 17.21
14 11.18, 20 17.14, 15 12.42
11 9.55, 20 16.06, 15 11.62
11 11.01, 14 12.32, 18 14.52
10 10.71, 11 10.22, 20 16.50

8.71 15.34 15.53
8.39 14.92 12.97
10.23 15.65 12.81
14.53 11.25 14.32
8.43 11.83 16.68
9.43 18.03 12.44
5.22 15.40 15.49
9.38 11.75 15.65
9.45 13.76 15.80
9.62 13.82 14.57
9.35 13.60 13.22
7.86 17.28 11.97
7.31 17.12 13.40
14.19 9.95 12.84
10.43 14.57 12.83
7.51 15.88 16.19
9.01 19.61 11.61
8.17 12.33 17.15
7.18 14.48 13.12
9.81 15.05 15.93
6.72 15.27 15.55
7.56 15.09 13.99
8.26 17.10 13.40
6.35 17.41 ----
9.93 14.21 15.79
9.16 17.80 16.10
10.53 14.64 16.84
13.59 13.30 15.58
8.46 12.32 18.87
8.82 15.84 12.96
11.12 15.12 11.46
8.02 13.44 18.58
9.69 15.48 11.42
7.90 14.62 15.21
7.52 17.65 14.84
10.71 10.26 15.61
13.36 12.72 11.61
9.28 17.38 13.76
7.89 19.31 11.90
9.80 9.76 16.76
10.06 17.13 11.90
10.02 18.65 11.10
6.62 14.30 17.34
9.39 18.54 11.04
8.95 17.82 7.96
10.27 11.75 11.58
7.83 14.26 16.80
10.07 14.52 15.75
6.19 17.14 14.46
13.33 12.03 10.58
12.92 16.44 7.95
4.36 16.55 18.77
8.50 10.59 16.57
9.73 13.80 11.55
7.91 19.96 13.25
8.05 17.90 14.00
7.92 15.50 10.95
8.80 18.04 10.10
9.79 16.24 12.06
9.68 15.25 15.76
7.89 8.37 17.00
9.14 15.02 15.58
12.69 12.13 12.08
11.45 12.11 13.95
6.97 15.02 15.48